#Wins,Best CMM Ranking,Best WP Ranking,Best Justice Ranking,Best Elo Ranking,CMM score for best CMM ranking,WP score for best WP ranking,Justice score for best Justice ranking,Elo score for best Elo ranking        
1023.0,0.0,0.0,1.0,0.0,0.998538,1.0,1.48947,2621.21
1022.0,0.0,0.0,1.0,0.0,0.997563,0.999022,1.48799,2620.5
1021.0,0.0,0.0,1.0,0.0,0.996589,0.998045,1.48541,2606.17
1020.0,0.0,0.0,1.0,0.0,0.995614,0.997067,1.48377,2586.11
1019.0,0.0,0.0,1.0,0.0,0.994639,0.99609,1.4825,2600.76
1018.0,0.0,0.0,1.0,0.0,0.993665,0.995112,1.47985,2589.95
1017.0,0.0,0.0,1.0,0.0,0.99269,0.994135,1.47712,2598.05
1016.0,1.0,1.0,1.0,0.0,0.991715,0.993157,1.47705,2590.02
1015.0,1.0,1.0,1.0,0.0,0.990741,0.99218,1.47761,2599.52
1014.0,1.0,1.0,2.0,0.0,0.989766,0.991202,1.47155,2586.88
1013.0,1.0,1.0,2.0,1.0,0.988791,0.990225,1.46984,2561.74
1012.0,1.0,1.0,2.0,1.0,0.987817,0.989247,1.4696,2549.21
1011.0,1.0,1.0,2.0,1.0,0.986842,0.98827,1.4694,2554.4
1010.0,2.0,2.0,3.0,1.0,0.985867,0.987292,1.46725,2548.87
1009.0,2.0,2.0,4.0,1.0,0.984893,0.986315,1.46532,2559.96
1008.0,2.0,2.0,5.0,1.0,0.983918,0.985337,1.46219,2565.27
1007.0,4.0,4.0,5.0,1.0,0.982943,0.98436,1.46194,2556.52
1006.0,4.0,4.0,6.0,1.0,0.981969,0.983382,1.45789,2561.22
1005.0,5.0,5.0,6.0,1.0,0.980994,0.982405,1.45511,2558.06
1004.0,5.0,5.0,6.0,2.0,0.980019,0.981427,1.45343,2528.22
1003.0,5.0,5.0,6.0,3.0,0.979045,0.98045,1.45084,2529.6
1002.0,5.0,5.0,6.0,2.0,0.97807,0.979472,1.44748,2530.68
1001.0,5.0,5.0,6.0,2.0,0.977096,0.978495,1.44815,2538.21
1000.0,5.0,5.0,6.0,2.0,0.976121,0.977517,1.44898,2532.17
999.0,5.0,5.0,6.0,3.0,0.975146,0.97654,1.4452,2526.69
998.0,5.0,5.0,7.0,4.0,0.974172,0.975562,1.44445,2519.83
997.0,5.0,5.0,8.0,5.0,0.973197,0.974585,1.44024,2505.73
996.0,5.0,5.0,8.0,5.0,0.972222,0.973607,1.44269,2484.86
995.0,5.0,5.0,9.0,5.0,0.971248,0.97263,1.43684,2464.65
994.0,5.0,5.0,9.0,5.0,0.970273,0.971652,1.43724,2481.95
993.0,5.0,5.0,10.0,4.0,0.969298,0.970674,1.43547,2522.14
992.0,6.0,6.0,11.0,5.0,0.968324,0.969697,1.43069,2481.31
991.0,7.0,7.0,11.0,5.0,0.967349,0.968719,1.42968,2455.65
990.0,7.0,7.0,11.0,5.0,0.966374,0.967742,1.42966,2466.78
989.0,8.0,8.0,11.0,5.0,0.9654,0.966764,1.42979,2456.06
988.0,8.0,8.0,15.0,5.0,0.964425,0.965787,1.42587,2462.36
987.0,8.0,8.0,15.0,5.0,0.96345,0.964809,1.42541,2473.58
986.0,9.0,9.0,17.0,5.0,0.962476,0.963832,1.4235,2457.07
985.0,10.0,10.0,18.0,5.0,0.961501,0.962854,1.42007,2493.41
984.0,10.0,10.0,21.0,5.0,0.960526,0.961877,1.41709,2460.84
983.0,10.0,10.0,21.0,5.0,0.959552,0.960899,1.41131,2453.31
982.0,11.0,11.0,21.0,5.0,0.958577,0.959922,1.40923,2461.16
981.0,11.0,11.0,21.0,5.0,0.957602,0.958944,1.40965,2476.04
980.0,11.0,11.0,21.0,5.0,0.956628,0.957967,1.40944,2454.54
979.0,11.0,11.0,21.0,5.0,0.955653,0.956989,1.40878,2470.07
978.0,11.0,11.0,25.0,6.0,0.954678,0.956012,1.40412,2442.37
977.0,12.0,12.0,25.0,5.0,0.953704,0.955034,1.40431,2453.26
976.0,12.0,12.0,25.0,5.0,0.952729,0.954057,1.40493,2455.42
975.0,13.0,13.0,27.0,6.0,0.951754,0.953079,1.40262,2435.26
974.0,13.0,13.0,28.0,6.0,0.95078,0.952102,1.3995,2445.57
973.0,14.0,14.0,28.0,5.0,0.949805,0.951124,1.39892,2457.71
972.0,15.0,15.0,30.0,9.0,0.94883,0.950147,1.39672,2416.44
971.0,17.0,17.0,32.0,6.0,0.947856,0.949169,1.39209,2445.14
970.0,17.0,17.0,32.0,6.0,0.946881,0.948192,1.39229,2435.72
969.0,18.0,18.0,32.0,9.0,0.945906,0.947214,1.39371,2412.2
968.0,20.0,20.0,34.0,6.0,0.944932,0.946237,1.38897,2433.34
967.0,21.0,21.0,36.0,8.0,0.943957,0.945259,1.38526,2427.12
966.0,21.0,21.0,37.0,8.0,0.942982,0.944282,1.38425,2420.27
965.0,24.0,24.0,38.0,10.0,0.942008,0.943304,1.38195,2407.08
964.0,25.0,25.0,38.0,9.0,0.941033,0.942326,1.38115,2419.41
963.0,26.0,26.0,38.0,9.0,0.940058,0.941349,1.38045,2410.86
962.0,27.0,27.0,41.0,9.0,0.939084,0.940371,1.37829,2404.48
961.0,28.0,28.0,45.0,8.0,0.938109,0.939394,1.37316,2423.09
960.0,29.0,29.0,45.0,9.0,0.937135,0.938416,1.37414,2410.87
959.0,30.0,30.0,46.0,9.0,0.93616,0.937439,1.37266,2410.99
958.0,32.0,32.0,48.0,9.0,0.935185,0.936461,1.37134,2407.74
957.0,32.0,32.0,48.0,11.0,0.934211,0.935484,1.36908,2398.91
956.0,34.0,34.0,50.0,9.0,0.933236,0.934506,1.36677,2403.05
955.0,34.0,34.0,52.0,10.0,0.932261,0.933529,1.36437,2405.45
954.0,34.0,34.0,54.0,9.0,0.931287,0.932551,1.36162,2409.58
953.0,36.0,36.0,54.0,12.0,0.930312,0.931574,1.36072,2393.9
952.0,36.0,36.0,55.0,15.0,0.929337,0.930596,1.35335,2380.96
951.0,38.0,38.0,55.0,15.0,0.928363,0.929619,1.35305,2375.59
950.0,39.0,39.0,55.0,15.0,0.927388,0.928641,1.35571,2377.31
949.0,39.0,39.0,56.0,12.0,0.926413,0.927664,1.34803,2391.23
948.0,39.0,39.0,56.0,13.0,0.925439,0.926686,1.3484,2386.01
947.0,40.0,40.0,56.0,9.0,0.924464,0.925709,1.35109,2406.0
946.0,41.0,41.0,57.0,16.0,0.923489,0.924731,1.3456,2366.6
945.0,42.0,42.0,58.0,19.0,0.922515,0.923754,1.34007,2345.78
944.0,45.0,45.0,58.0,15.0,0.92154,0.922776,1.33934,2375.31
943.0,46.0,46.0,58.0,19.0,0.920565,0.921799,1.34176,2344.19
942.0,48.0,48.0,58.0,19.0,0.919591,0.920821,1.33985,2351.13
941.0,50.0,50.0,58.0,16.0,0.918616,0.919844,1.34015,2371.42
940.0,51.0,51.0,58.0,11.0,0.917641,0.918866,1.34049,2393.08
939.0,51.0,51.0,59.0,19.0,0.916667,0.917889,1.33409,2343.76
938.0,51.0,51.0,62.0,19.0,0.915692,0.916911,1.32915,2346.41
937.0,51.0,51.0,62.0,16.0,0.914717,0.915934,1.32927,2372.28
936.0,53.0,53.0,62.0,19.0,0.913743,0.914956,1.32952,2350.06
935.0,55.0,55.0,63.0,21.0,0.912768,0.913978,1.32334,2333.11
934.0,56.0,56.0,63.0,21.0,0.911793,0.913001,1.32395,2328.04
933.0,56.0,56.0,64.0,25.0,0.910819,0.912023,1.32146,2307.93
932.0,58.0,58.0,65.0,16.0,0.909844,0.911046,1.31744,2368.64
931.0,58.0,58.0,65.0,26.0,0.908869,0.910068,1.31956,2305.89
930.0,58.0,58.0,65.0,29.0,0.907895,0.909091,1.31765,2298.72
929.0,58.0,58.0,66.0,30.0,0.90692,0.908113,1.31523,2296.17
928.0,58.0,58.0,68.0,31.0,0.905945,0.907136,1.31328,2293.89
927.0,58.0,58.0,69.0,30.0,0.904971,0.906158,1.3112,2296.33
926.0,58.0,58.0,71.0,25.0,0.903996,0.905181,1.30955,2307.91
925.0,58.0,58.0,73.0,25.0,0.903021,0.904203,1.30558,2311.11
924.0,58.0,58.0,75.0,23.0,0.902047,0.903226,1.30408,2318.18
923.0,58.0,58.0,75.0,29.0,0.901072,0.902248,1.304,2297.9
922.0,58.0,58.0,77.0,19.0,0.900097,0.901271,1.29668,2343.44
921.0,59.0,59.0,77.0,35.0,0.899123,0.900293,1.30039,2269.36
920.0,59.0,59.0,77.0,29.0,0.898148,0.899316,1.29707,2300.0
919.0,59.0,59.0,77.0,22.0,0.897173,0.898338,1.29669,2326.52
918.0,59.0,59.0,79.0,31.0,0.896199,0.897361,1.29324,2291.91
917.0,60.0,60.0,81.0,25.0,0.895224,0.896383,1.28864,2308.98
916.0,61.0,61.0,80.0,19.0,0.89425,0.895406,1.29132,2342.02
915.0,62.0,62.0,80.0,42.0,0.893275,0.894428,1.29156,2259.46
914.0,63.0,63.0,85.0,33.0,0.8923,0.893451,1.28289,2274.12
913.0,63.0,63.0,82.0,33.0,0.891326,0.892473,1.28638,2286.01
912.0,64.0,64.0,85.0,26.0,0.890351,0.891496,1.28268,2305.46
911.0,65.0,65.0,85.0,39.0,0.889376,0.890518,1.28084,2263.33
910.0,68.0,68.0,85.0,28.0,0.888402,0.889541,1.28005,2301.61
909.0,68.0,68.0,89.0,39.0,0.887427,0.888563,1.27646,2264.52
908.0,69.0,69.0,92.0,44.0,0.886452,0.887586,1.27418,2243.98
907.0,72.0,72.0,93.0,27.0,0.885478,0.886608,1.27288,2303.41
906.0,72.0,72.0,93.0,31.0,0.884503,0.88563,1.26969,2291.69
905.0,72.0,72.0,93.0,45.0,0.883528,0.884653,1.27223,2242.67
904.0,73.0,73.0,94.0,39.0,0.882554,0.883675,1.26497,2263.19
903.0,73.0,73.0,94.0,43.0,0.881579,0.882698,1.26471,2254.18
902.0,74.0,74.0,95.0,30.0,0.880604,0.88172,1.2639,2295.66
901.0,75.0,75.0,96.0,42.0,0.87963,0.880743,1.26321,2258.26
900.0,75.0,75.0,99.0,43.0,0.878655,0.879765,1.25729,2251.07
899.0,76.0,76.0,99.0,50.0,0.87768,0.878788,1.25724,2228.32
898.0,79.0,79.0,100.0,50.0,0.876706,0.87781,1.25474,2221.43
897.0,81.0,81.0,100.0,42.0,0.875731,0.876833,1.25426,2260.33
896.0,82.0,82.0,101.0,39.0,0.874756,0.875855,1.25445,2262.76
895.0,83.0,83.0,106.0,52.0,0.873782,0.874878,1.2467,2192.1
894.0,83.0,83.0,106.0,50.0,0.872807,0.8739,1.24683,2227.12
893.0,85.0,85.0,108.0,52.0,0.871832,0.872923,1.24449,2201.77
892.0,86.0,86.0,109.0,33.0,0.870858,0.871945,1.24192,2276.49
891.0,87.0,87.0,110.0,50.0,0.869883,0.870968,1.24198,2222.24
890.0,87.0,87.0,109.0,49.0,0.868908,0.86999,1.24144,2232.46
889.0,88.0,88.0,112.0,35.0,0.867934,0.869013,1.23664,2269.93
888.0,89.0,89.0,113.0,51.0,0.866959,0.868035,1.23448,2210.42
887.0,89.0,89.0,113.0,47.0,0.865984,0.867058,1.23422,2232.77
886.0,92.0,92.0,114.0,50.0,0.86501,0.86608,1.2313,2226.19
885.0,93.0,93.0,114.0,53.0,0.864035,0.865103,1.23099,2186.46
884.0,93.0,93.0,115.0,51.0,0.86306,0.864125,1.23024,2216.94
883.0,94.0,94.0,117.0,47.0,0.862086,0.863148,1.2273,2235.5
882.0,94.0,94.0,119.0,51.0,0.861111,0.86217,1.22506,2214.66
881.0,94.0,94.0,119.0,53.0,0.860136,0.861193,1.22382,2186.13
880.0,94.0,94.0,121.0,51.0,0.859162,0.860215,1.21813,2216.88
879.0,96.0,96.0,121.0,52.0,0.858187,0.859238,1.21819,2199.07
878.0,96.0,96.0,122.0,53.0,0.857212,0.85826,1.2177,2186.44
877.0,96.0,96.0,123.0,43.0,0.856238,0.857283,1.21077,2247.99
876.0,98.0,98.0,123.0,51.0,0.855263,0.856305,1.21135,2218.06
875.0,99.0,99.0,123.0,56.0,0.854288,0.855327,1.21333,2182.41
874.0,100.0,100.0,123.0,62.0,0.853314,0.85435,1.21328,2164.34
873.0,100.0,100.0,126.0,55.0,0.852339,0.853372,1.20639,2184.26
872.0,101.0,101.0,126.0,50.0,0.851365,0.852395,1.20561,2223.92
871.0,103.0,103.0,128.0,47.0,0.85039,0.851417,1.20345,2238.9
870.0,105.0,105.0,129.0,51.0,0.849415,0.85044,1.19941,2215.98
869.0,108.0,108.0,128.0,51.0,0.848441,0.849462,1.20006,2208.31
868.0,110.0,110.0,131.0,52.0,0.847466,0.848485,1.19797,2189.6
867.0,111.0,111.0,132.0,52.0,0.846491,0.847507,1.19175,2199.46
866.0,112.0,112.0,132.0,62.0,0.845517,0.84653,1.19149,2158.79
865.0,112.0,112.0,132.0,52.0,0.844542,0.845552,1.19224,2187.37
864.0,113.0,113.0,134.0,52.0,0.843567,0.844575,1.18967,2204.19
863.0,113.0,113.0,135.0,52.0,0.842593,0.843597,1.18824,2196.46
862.0,113.0,113.0,136.0,61.0,0.841618,0.84262,1.18793,2171.97
861.0,113.0,113.0,137.0,62.0,0.840643,0.841642,1.18244,2158.97
860.0,113.0,113.0,137.0,61.0,0.839669,0.840665,1.17889,2166.08
859.0,114.0,114.0,137.0,58.0,0.838694,0.839687,1.1792,2174.18
858.0,118.0,118.0,138.0,57.0,0.837719,0.83871,1.17903,2176.29
857.0,118.0,118.0,140.0,65.0,0.836745,0.837732,1.17645,2150.42
856.0,119.0,119.0,140.0,68.0,0.83577,0.836755,1.17541,2140.61
855.0,120.0,120.0,141.0,62.0,0.834795,0.835777,1.17512,2159.88
854.0,121.0,121.0,141.0,61.0,0.833821,0.8348,1.17169,2165.11
853.0,122.0,122.0,141.0,61.0,0.832846,0.833822,1.17021,2168.46
852.0,122.0,122.0,142.0,68.0,0.831871,0.832845,1.16824,2143.24
851.0,123.0,123.0,144.0,62.0,0.830897,0.831867,1.16618,2158.82
850.0,123.0,123.0,144.0,68.0,0.829922,0.83089,1.16582,2141.08
849.0,124.0,124.0,145.0,74.0,0.828947,0.829912,1.16215,2130.32
848.0,124.0,124.0,150.0,77.0,0.827973,0.828935,1.15823,2122.62
847.0,125.0,125.0,152.0,65.0,0.826998,0.827957,1.15705,2150.65
846.0,127.0,127.0,153.0,73.0,0.826023,0.826979,1.15391,2134.44
845.0,129.0,129.0,153.0,65.0,0.825049,0.826002,1.15414,2148.29
844.0,131.0,131.0,155.0,67.0,0.824074,0.825024,1.14959,2145.21
843.0,131.0,131.0,155.0,83.0,0.823099,0.824047,1.14876,2115.23
842.0,132.0,132.0,155.0,62.0,0.822125,0.823069,1.14822,2156.37
841.0,133.0,133.0,156.0,74.0,0.82115,0.822092,1.1464,2130.33
840.0,133.0,133.0,158.0,53.0,0.820175,0.821114,1.14346,2185.14
839.0,133.0,133.0,160.0,65.0,0.819201,0.820137,1.13835,2147.36
838.0,133.0,133.0,160.0,70.0,0.818226,0.819159,1.13522,2136.73
837.0,133.0,133.0,160.0,68.0,0.817251,0.818182,1.13791,2142.2
836.0,133.0,133.0,160.0,70.0,0.816277,0.817204,1.13771,2137.04
835.0,135.0,135.0,160.0,73.0,0.815302,0.816227,1.13476,2131.07
834.0,136.0,136.0,160.0,68.0,0.814327,0.815249,1.13497,2138.16
833.0,136.0,136.0,163.0,81.0,0.813353,0.814272,1.1251,2117.1
832.0,137.0,137.0,163.0,83.0,0.812378,0.813294,1.12581,2114.17
831.0,138.0,138.0,163.0,88.0,0.811404,0.812317,1.12481,2094.38
830.0,139.0,139.0,163.0,87.0,0.810429,0.811339,1.12445,2100.59
829.0,139.0,139.0,164.0,76.0,0.809454,0.810362,1.11975,2130.61
828.0,139.0,139.0,164.0,90.0,0.80848,0.809384,1.11841,2088.06
827.0,140.0,140.0,164.0,87.0,0.807505,0.808407,1.1201,2100.73
826.0,143.0,143.0,164.0,86.0,0.80653,0.807429,1.11758,2104.23
825.0,144.0,144.0,168.0,87.0,0.805556,0.806452,1.11261,2099.22
824.0,144.0,144.0,168.0,65.0,0.804581,0.805474,1.11272,2149.81
823.0,145.0,145.0,168.0,72.0,0.803606,0.804497,1.11207,2132.89
822.0,146.0,146.0,169.0,92.0,0.802632,0.803519,1.10801,2080.42
821.0,149.0,149.0,170.0,68.0,0.801657,0.802542,1.10844,2142.6
820.0,149.0,149.0,171.0,88.0,0.800682,0.801564,1.10373,2096.47
819.0,151.0,151.0,172.0,87.0,0.799708,0.800587,1.10331,2100.88
818.0,152.0,152.0,172.0,83.0,0.798733,0.799609,1.10257,2113.95
817.0,153.0,153.0,176.0,61.0,0.797758,0.798631,1.09761,2164.26
816.0,153.0,153.0,176.0,92.0,0.796784,0.797654,1.09819,2078.66
815.0,153.0,153.0,177.0,90.0,0.795809,0.796676,1.09187,2087.56
814.0,154.0,154.0,177.0,89.0,0.794834,0.795699,1.09188,2092.08
813.0,154.0,154.0,177.0,81.0,0.79386,0.794721,1.09259,2117.64
812.0,154.0,154.0,179.0,86.0,0.792885,0.793744,1.08719,2106.13
811.0,155.0,155.0,179.0,92.0,0.79191,0.792766,1.08774,2084.3
810.0,157.0,157.0,179.0,83.0,0.790936,0.791789,1.0872,2113.53
809.0,157.0,157.0,184.0,90.0,0.789961,0.790811,1.08293,2087.26
808.0,157.0,157.0,185.0,105.0,0.788986,0.789834,1.08206,2043.77
807.0,157.0,157.0,185.0,88.0,0.788012,0.788856,1.08175,2096.7
806.0,158.0,158.0,188.0,94.0,0.787037,0.787879,1.07751,2070.82
805.0,159.0,159.0,189.0,87.0,0.786062,0.786901,1.0748,2100.64
804.0,159.0,159.0,190.0,94.0,0.785088,0.785924,1.0724,2070.98
803.0,160.0,160.0,189.0,93.0,0.784113,0.784946,1.07339,2069.54
802.0,160.0,160.0,189.0,92.0,0.783138,0.783969,1.07378,2081.23
801.0,162.0,162.0,191.0,107.0,0.782164,0.782991,1.07147,2029.29
800.0,163.0,163.0,194.0,96.0,0.781189,0.782014,1.06903,2065.04
799.0,163.0,163.0,194.0,102.0,0.780214,0.781036,1.06873,2057.56
798.0,164.0,164.0,200.0,102.0,0.77924,0.780059,1.06195,2057.87
797.0,164.0,164.0,198.0,93.0,0.778265,0.779081,1.06545,2072.5
796.0,165.0,165.0,201.0,112.0,0.77729,0.778104,1.06056,2022.58
795.0,166.0,166.0,201.0,107.0,0.776316,0.777126,1.05933,2030.69
794.0,167.0,167.0,204.0,106.0,0.775341,0.776149,1.05478,2032.8
793.0,169.0,169.0,209.0,94.0,0.774366,0.775171,1.05346,2066.68
792.0,170.0,170.0,210.0,97.0,0.773392,0.774194,1.05072,2063.82
791.0,171.0,171.0,211.0,96.0,0.772417,0.773216,1.04864,2066.01
790.0,171.0,171.0,212.0,79.0,0.771442,0.772239,1.04648,2119.87
789.0,171.0,171.0,213.0,112.0,0.770468,0.771261,1.04261,2022.94
788.0,172.0,172.0,212.0,131.0,0.769493,0.770283,1.04533,1989.66
787.0,172.0,172.0,215.0,106.0,0.768519,0.769306,1.04177,2033.73
786.0,173.0,173.0,215.0,106.0,0.767544,0.768328,1.0413,2034.39
785.0,175.0,175.0,219.0,107.0,0.766569,0.767351,1.03816,2032.02
784.0,175.0,175.0,221.0,106.0,0.765595,0.766373,1.03585,2037.85
783.0,177.0,177.0,223.0,102.0,0.76462,0.765396,1.03256,2057.7
782.0,178.0,178.0,223.0,113.0,0.763645,0.764418,1.03454,2019.88
781.0,178.0,178.0,225.0,103.0,0.762671,0.763441,1.02703,2050.0
780.0,178.0,178.0,225.0,107.0,0.761696,0.762463,1.02568,2031.49
779.0,179.0,179.0,226.0,90.0,0.760721,0.761486,1.02436,2087.45
778.0,181.0,181.0,225.0,131.0,0.759747,0.760508,1.02335,1990.13
777.0,183.0,183.0,225.0,107.0,0.758772,0.759531,1.02419,2030.56
776.0,185.0,185.0,225.0,122.0,0.757797,0.758553,1.02371,2005.72
775.0,185.0,185.0,230.0,118.0,0.756823,0.757576,1.0195,2007.25
774.0,187.0,187.0,231.0,130.0,0.755848,0.756598,1.01463,1993.69
773.0,188.0,188.0,231.0,103.0,0.754873,0.755621,1.01664,2051.14
772.0,190.0,190.0,231.0,108.0,0.753899,0.754643,1.01506,2030.02
771.0,191.0,191.0,233.0,128.0,0.752924,0.753666,1.01275,1995.6
770.0,192.0,192.0,233.0,108.0,0.751949,0.752688,1.00945,2029.59
769.0,193.0,193.0,235.0,129.0,0.750975,0.751711,1.00421,1993.41
768.0,194.0,194.0,235.0,111.0,0.75,0.750733,1.00503,2024.75
767.0,196.0,196.0,235.0,132.0,0.749025,0.749756,1.00295,1982.48
766.0,196.0,196.0,236.0,133.0,0.748051,0.748778,0.999996,1982.05
765.0,198.0,198.0,239.0,126.0,0.747076,0.747801,0.997302,1998.85
764.0,200.0,200.0,237.0,133.0,0.746101,0.746823,1.00026,1980.67
763.0,203.0,203.0,240.0,121.0,0.745127,0.745846,0.997873,2004.88
762.0,204.0,204.0,241.0,117.0,0.744152,0.744868,0.994913,2009.39
761.0,205.0,205.0,243.0,103.0,0.743177,0.743891,0.990009,2049.04
760.0,206.0,206.0,243.0,116.0,0.742203,0.742913,0.989555,2015.05
759.0,207.0,207.0,245.0,135.0,0.741228,0.741935,0.985801,1977.8
758.0,209.0,209.0,243.0,143.0,0.740253,0.740958,0.990384,1960.14
757.0,210.0,210.0,246.0,131.0,0.739279,0.73998,0.984408,1990.15
756.0,212.0,212.0,246.0,135.0,0.738304,0.739003,0.983558,1978.18
755.0,212.0,212.0,253.0,117.0,0.737329,0.738025,0.97944,2008.17
754.0,215.0,215.0,256.0,137.0,0.736355,0.737048,0.976752,1968.56
753.0,216.0,216.0,257.0,132.0,0.73538,0.73607,0.975577,1986.53
752.0,220.0,220.0,254.0,113.0,0.734405,0.735093,0.977964,2018.07
751.0,221.0,221.0,263.0,137.0,0.733431,0.734115,0.967367,1970.83
750.0,221.0,221.0,263.0,123.0,0.732456,0.733138,0.967261,2002.77
749.0,224.0,224.0,260.0,96.0,0.731481,0.73216,0.972978,2063.94
748.0,225.0,225.0,264.0,133.0,0.730507,0.731183,0.966402,1983.88
747.0,227.0,227.0,264.0,136.0,0.729532,0.730205,0.965903,1972.55
746.0,228.0,228.0,265.0,157.0,0.728558,0.729228,0.963571,1941.23
745.0,229.0,229.0,264.0,114.0,0.727583,0.72825,0.964824,2018.58
744.0,229.0,229.0,266.0,152.0,0.726608,0.727273,0.960989,1947.39
743.0,230.0,230.0,268.0,153.0,0.725634,0.726295,0.956436,1945.87
742.0,230.0,230.0,270.0,161.0,0.724659,0.725318,0.953394,1931.66
741.0,231.0,231.0,271.0,158.0,0.723684,0.72434,0.953406,1936.09
740.0,231.0,231.0,271.0,148.0,0.72271,0.723363,0.952383,1950.97
739.0,231.0,231.0,276.0,147.0,0.721735,0.722385,0.94765,1952.36
738.0,232.0,232.0,277.0,160.0,0.72076,0.721408,0.947141,1932.93
737.0,232.0,232.0,278.0,152.0,0.719786,0.72043,0.94471,1946.99
736.0,233.0,233.0,281.0,129.0,0.718811,0.719453,0.941595,1993.93
735.0,234.0,234.0,279.0,161.0,0.717836,0.718475,0.943828,1927.8
734.0,234.0,234.0,283.0,144.0,0.716862,0.717498,0.940236,1957.71
733.0,237.0,237.0,283.0,171.0,0.715887,0.71652,0.939753,1910.47
732.0,238.0,238.0,289.0,155.0,0.714912,0.715543,0.934312,1939.94
731.0,238.0,238.0,286.0,121.0,0.713938,0.714565,0.937188,2004.46
730.0,239.0,239.0,291.0,180.0,0.712963,0.713587,0.931926,1896.35
729.0,244.0,244.0,291.0,142.0,0.711988,0.71261,0.933036,1963.37
728.0,244.0,244.0,293.0,124.0,0.711014,0.711632,0.924488,1999.16
727.0,244.0,244.0,293.0,140.0,0.710039,0.710655,0.923933,1964.94
726.0,246.0,246.0,293.0,155.0,0.709064,0.709677,0.923658,1943.85
725.0,246.0,246.0,294.0,138.0,0.70809,0.7087,0.922417,1967.42
724.0,247.0,247.0,294.0,169.0,0.707115,0.707722,0.922203,1919.18
723.0,247.0,247.0,300.0,165.0,0.70614,0.706745,0.916517,1923.45
722.0,248.0,248.0,297.0,158.0,0.705166,0.705767,0.918493,1936.07
721.0,252.0,252.0,299.0,169.0,0.704191,0.70479,0.916136,1915.36
720.0,252.0,252.0,299.0,166.0,0.703216,0.703812,0.917662,1922.84
719.0,252.0,252.0,306.0,162.0,0.702242,0.702835,0.906581,1926.82
718.0,255.0,255.0,302.0,135.0,0.701267,0.701857,0.913286,1974.29
717.0,255.0,255.0,307.0,184.0,0.700292,0.70088,0.906928,1888.73
716.0,257.0,257.0,305.0,145.0,0.699318,0.699902,0.910128,1959.85
715.0,258.0,258.0,312.0,147.0,0.698343,0.698925,0.900073,1953.63
714.0,262.0,262.0,307.0,188.0,0.697368,0.697947,0.905695,1880.53
713.0,262.0,262.0,314.0,179.0,0.696394,0.69697,0.899344,1899.3
712.0,263.0,263.0,311.0,160.0,0.695419,0.695992,0.90144,1935.26
711.0,263.0,263.0,316.0,145.0,0.694444,0.695015,0.895452,1958.49
710.0,264.0,264.0,318.0,166.0,0.69347,0.694037,0.893403,1923.27
709.0,265.0,265.0,317.0,180.0,0.692495,0.69306,0.893085,1894.13
708.0,267.0,267.0,318.0,182.0,0.69152,0.692082,0.891761,1891.05
707.0,269.0,269.0,321.0,171.0,0.690546,0.691105,0.887616,1914.29
706.0,269.0,269.0,323.0,169.0,0.689571,0.690127,0.884699,1917.18
705.0,272.0,272.0,321.0,181.0,0.688596,0.68915,0.887479,1895.48
704.0,272.0,272.0,328.0,187.0,0.687622,0.688172,0.881782,1881.48
703.0,274.0,274.0,331.0,187.0,0.686647,0.687195,0.875178,1883.8
702.0,275.0,275.0,330.0,185.0,0.685673,0.686217,0.880136,1886.57
701.0,276.0,276.0,332.0,179.0,0.684698,0.685239,0.872337,1900.17
700.0,279.0,279.0,332.0,169.0,0.683723,0.684262,0.873944,1919.37
699.0,279.0,279.0,333.0,179.0,0.682749,0.683284,0.871288,1899.36
698.0,281.0,281.0,335.0,162.0,0.681774,0.682307,0.867625,1927.58
697.0,284.0,284.0,333.0,191.0,0.680799,0.681329,0.871101,1876.17
696.0,285.0,285.0,335.0,187.0,0.679825,0.680352,0.868076,1882.15
695.0,286.0,286.0,335.0,179.0,0.67885,0.679374,0.86637,1899.04
694.0,288.0,288.0,338.0,194.0,0.677875,0.678397,0.863687,1864.93
693.0,288.0,288.0,338.0,179.0,0.676901,0.677419,0.862745,1899.16
692.0,288.0,288.0,339.0,176.0,0.675926,0.676442,0.858818,1903.17
691.0,290.0,290.0,340.0,190.0,0.674951,0.675464,0.85619,1876.74
690.0,293.0,293.0,339.0,171.0,0.673977,0.674487,0.858209,1910.33
689.0,295.0,295.0,343.0,155.0,0.673002,0.673509,0.84727,1944.12
688.0,296.0,296.0,342.0,179.0,0.672027,0.672532,0.85109,1896.45
687.0,298.0,298.0,343.0,195.0,0.671053,0.671554,0.848749,1864.77
686.0,299.0,299.0,343.0,194.0,0.670078,0.670577,0.846788,1865.88
685.0,300.0,300.0,344.0,195.0,0.669103,0.669599,0.845292,1862.29
684.0,300.0,300.0,344.0,161.0,0.668129,0.668622,0.843654,1929.84
683.0,301.0,301.0,344.0,181.0,0.667154,0.667644,0.845229,1891.74
682.0,302.0,302.0,354.0,169.0,0.666179,0.666667,0.835814,1915.57
681.0,302.0,302.0,355.0,194.0,0.665205,0.665689,0.831234,1866.28
680.0,302.0,302.0,355.0,188.0,0.66423,0.664712,0.832978,1878.37
679.0,303.0,303.0,355.0,205.0,0.663255,0.663734,0.830959,1841.14
678.0,304.0,304.0,355.0,179.0,0.662281,0.662757,0.832369,1897.52
677.0,306.0,306.0,356.0,193.0,0.661306,0.661779,0.828287,1870.19
676.0,308.0,308.0,356.0,196.0,0.660331,0.660802,0.826348,1861.07
675.0,310.0,310.0,357.0,198.0,0.659357,0.659824,0.825859,1856.56
674.0,313.0,313.0,357.0,208.0,0.658382,0.658847,0.822852,1832.7
673.0,314.0,314.0,358.0,187.0,0.657407,0.657869,0.823156,1881.04
672.0,314.0,314.0,357.0,200.0,0.656433,0.656891,0.822923,1853.17
671.0,317.0,317.0,360.0,196.0,0.655458,0.655914,0.818303,1859.09
670.0,319.0,319.0,360.0,187.0,0.654483,0.654936,0.82009,1885.62
669.0,322.0,322.0,361.0,209.0,0.653509,0.653959,0.817916,1833.61
668.0,323.0,323.0,364.0,213.0,0.652534,0.652981,0.809016,1818.13
667.0,324.0,324.0,362.0,208.0,0.651559,0.652004,0.812559,1835.16
666.0,326.0,326.0,364.0,194.0,0.650585,0.651026,0.809267,1865.59
665.0,327.0,327.0,366.0,196.0,0.64961,0.650049,0.808068,1858.85
664.0,328.0,328.0,367.0,194.0,0.648635,0.649071,0.803679,1868.24
663.0,331.0,331.0,371.0,211.0,0.647661,0.648094,0.801762,1830.1
662.0,332.0,332.0,376.0,208.0,0.646686,0.647116,0.796694,1834.13
661.0,332.0,332.0,376.0,203.0,0.645712,0.646139,0.795535,1847.88
660.0,333.0,333.0,376.0,201.0,0.644737,0.645161,0.798331,1852.08
659.0,336.0,336.0,373.0,219.0,0.643762,0.644184,0.800543,1809.97
658.0,336.0,336.0,379.0,238.0,0.642788,0.643206,0.793891,1786.99
657.0,339.0,339.0,382.0,192.0,0.641813,0.642229,0.790394,1871.2
656.0,340.0,340.0,385.0,196.0,0.640838,0.641251,0.786446,1859.63
655.0,340.0,340.0,384.0,194.0,0.639864,0.640274,0.787536,1864.75
654.0,341.0,341.0,388.0,197.0,0.638889,0.639296,0.780002,1858.02
653.0,341.0,341.0,387.0,199.0,0.637914,0.638319,0.782591,1855.34
652.0,341.0,341.0,388.0,230.0,0.63694,0.637341,0.781062,1794.2
651.0,341.0,341.0,387.0,204.0,0.635965,0.636364,0.784504,1841.8
650.0,342.0,342.0,389.0,209.0,0.63499,0.635386,0.776528,1832.03
649.0,343.0,343.0,388.0,201.0,0.634016,0.634409,0.782438,1851.58
648.0,344.0,344.0,391.0,226.0,0.633041,0.633431,0.774397,1798.84
647.0,346.0,346.0,390.0,217.0,0.632066,0.632454,0.775364,1813.78
646.0,346.0,346.0,392.0,209.0,0.631092,0.631476,0.774157,1828.18
645.0,346.0,346.0,395.0,224.0,0.630117,0.630499,0.765883,1803.45
644.0,348.0,348.0,395.0,241.0,0.629142,0.629521,0.76735,1782.28
643.0,349.0,349.0,397.0,257.0,0.628168,0.628543,0.762546,1768.09
642.0,352.0,352.0,398.0,197.0,0.627193,0.627566,0.760941,1857.5
641.0,354.0,354.0,399.0,224.0,0.626218,0.626588,0.755905,1802.3
640.0,355.0,355.0,397.0,239.0,0.625244,0.625611,0.763711,1787.46
639.0,356.0,356.0,400.0,221.0,0.624269,0.624633,0.750447,1805.86
638.0,356.0,356.0,400.0,241.0,0.623294,0.623656,0.752828,1783.44
637.0,356.0,356.0,402.0,223.0,0.62232,0.622678,0.747881,1802.95
636.0,356.0,356.0,400.0,212.0,0.621345,0.621701,0.751335,1819.88
635.0,358.0,358.0,402.0,207.0,0.62037,0.620723,0.749743,1837.77
634.0,359.0,359.0,406.0,203.0,0.619396,0.619746,0.745828,1846.61
633.0,360.0,360.0,405.0,234.0,0.618421,0.618768,0.74525,1791.98
632.0,360.0,360.0,407.0,213.0,0.617446,0.617791,0.74221,1819.46
631.0,361.0,361.0,407.0,256.0,0.616472,0.616813,0.742226,1770.31
630.0,362.0,362.0,409.0,244.0,0.615497,0.615836,0.73893,1780.43
629.0,364.0,364.0,407.0,229.0,0.614522,0.614858,0.741517,1795.8
628.0,366.0,366.0,412.0,219.0,0.613548,0.613881,0.729033,1810.47
627.0,367.0,367.0,412.0,197.0,0.612573,0.612903,0.732032,1856.93
626.0,370.0,370.0,411.0,220.0,0.611598,0.611926,0.737215,1807.16
625.0,372.0,372.0,415.0,201.0,0.610624,0.610948,0.724312,1851.75
624.0,372.0,372.0,412.0,258.0,0.609649,0.609971,0.730558,1766.5
623.0,373.0,373.0,415.0,234.0,0.608674,0.608993,0.725372,1792.2
622.0,374.0,374.0,417.0,271.0,0.6077,0.608016,0.722561,1751.07
621.0,375.0,375.0,419.0,254.0,0.606725,0.607038,0.719327,1771.45
620.0,378.0,378.0,419.0,256.0,0.60575,0.606061,0.718645,1769.94
619.0,379.0,379.0,421.0,209.0,0.604776,0.605083,0.716341,1834.51
618.0,380.0,380.0,422.0,220.0,0.603801,0.604106,0.715679,1812.52
617.0,383.0,383.0,425.0,223.0,0.602827,0.603128,0.712385,1804.1
616.0,383.0,383.0,424.0,261.0,0.601852,0.602151,0.71199,1762.3
615.0,383.0,383.0,429.0,238.0,0.600877,0.601173,0.708079,1786.78
614.0,385.0,385.0,429.0,203.0,0.599903,0.600196,0.706164,1842.99
613.0,386.0,386.0,431.0,195.0,0.598928,0.599218,0.704056,1862.92
612.0,387.0,387.0,433.0,255.0,0.597953,0.59824,0.701043,1770.52
611.0,390.0,390.0,433.0,279.0,0.596979,0.597263,0.702451,1734.52
610.0,392.0,392.0,436.0,250.0,0.596004,0.596285,0.69914,1775.09
609.0,393.0,393.0,436.0,209.0,0.595029,0.595308,0.699416,1832.51
608.0,393.0,393.0,438.0,271.0,0.594055,0.59433,0.692673,1748.56
607.0,393.0,393.0,438.0,229.0,0.59308,0.593353,0.694459,1795.36
606.0,395.0,395.0,440.0,240.0,0.592105,0.592375,0.687076,1783.58
605.0,395.0,395.0,438.0,245.0,0.591131,0.591398,0.695235,1781.4
604.0,397.0,397.0,440.0,283.0,0.590156,0.59042,0.682392,1731.59
603.0,398.0,398.0,440.0,253.0,0.589181,0.589443,0.682416,1771.72
602.0,399.0,399.0,440.0,270.0,0.588207,0.588465,0.68686,1751.25
601.0,400.0,400.0,440.0,277.0,0.587232,0.587488,0.686612,1740.4
600.0,401.0,401.0,442.0,269.0,0.586257,0.58651,0.680764,1751.79
599.0,401.0,401.0,442.0,222.0,0.585283,0.585533,0.678526,1805.05
598.0,402.0,402.0,444.0,289.0,0.584308,0.584555,0.67203,1724.8
597.0,403.0,403.0,444.0,238.0,0.583333,0.583578,0.670787,1786.23
596.0,403.0,403.0,444.0,291.0,0.582359,0.5826,0.672539,1726.11
595.0,404.0,404.0,445.0,237.0,0.581384,0.581623,0.665947,1787.68
594.0,405.0,405.0,445.0,259.0,0.580409,0.580645,0.666785,1764.95
593.0,405.0,405.0,446.0,289.0,0.579435,0.579668,0.664711,1725.82
592.0,408.0,408.0,445.0,261.0,0.57846,0.57869,0.666337,1761.57
591.0,409.0,409.0,448.0,266.0,0.577485,0.577713,0.661052,1755.5
590.0,409.0,409.0,449.0,290.0,0.576511,0.576735,0.65982,1725.73
589.0,410.0,410.0,452.0,285.0,0.575536,0.575758,0.656926,1728.68
588.0,411.0,411.0,449.0,277.0,0.574561,0.57478,0.660333,1740.3
587.0,414.0,414.0,450.0,325.0,0.573587,0.573803,0.657959,1693.26
586.0,416.0,416.0,453.0,300.0,0.572612,0.572825,0.656655,1713.36
585.0,416.0,416.0,456.0,219.0,0.571637,0.571848,0.650922,1809.06
584.0,417.0,417.0,459.0,315.0,0.570663,0.57087,0.646367,1701.74
583.0,417.0,417.0,459.0,294.0,0.569688,0.569892,0.645658,1720.67
582.0,418.0,418.0,459.0,317.0,0.568713,0.568915,0.644611,1700.45
581.0,420.0,420.0,461.0,270.0,0.567739,0.567937,0.643162,1752.26
580.0,421.0,421.0,462.0,300.0,0.566764,0.56696,0.640485,1712.58
579.0,422.0,422.0,463.0,306.0,0.565789,0.565982,0.639156,1708.08
578.0,423.0,423.0,464.0,288.0,0.564815,0.565005,0.638081,1726.73
577.0,423.0,423.0,467.0,238.0,0.56384,0.564027,0.629511,1785.97
576.0,425.0,425.0,464.0,339.0,0.562865,0.56305,0.638421,1672.19
575.0,426.0,426.0,467.0,281.0,0.561891,0.562072,0.628713,1733.22
574.0,426.0,426.0,468.0,283.0,0.560916,0.561095,0.628526,1730.08
573.0,430.0,430.0,468.0,283.0,0.559942,0.560117,0.62937,1731.55
572.0,431.0,431.0,469.0,335.0,0.558967,0.55914,0.62549,1676.87
571.0,434.0,434.0,471.0,331.0,0.557992,0.558162,0.620791,1684.28
570.0,438.0,438.0,470.0,318.0,0.557018,0.557185,0.623065,1699.71
569.0,439.0,439.0,470.0,300.0,0.556043,0.556207,0.62295,1714.23
568.0,439.0,439.0,476.0,330.0,0.555068,0.55523,0.618505,1687.37
567.0,440.0,440.0,482.0,326.0,0.554094,0.554252,0.616447,1690.58
566.0,440.0,440.0,472.0,330.0,0.553119,0.553275,0.619444,1684.55
565.0,441.0,441.0,473.0,273.0,0.552144,0.552297,0.61881,1747.17
564.0,441.0,441.0,490.0,254.0,0.55117,0.55132,0.608197,1771.14
563.0,441.0,441.0,490.0,300.0,0.550195,0.550342,0.608165,1713.09
562.0,442.0,442.0,492.0,309.0,0.54922,0.549365,0.604623,1705.96
561.0,442.0,442.0,490.0,301.0,0.548246,0.548387,0.607685,1711.74
560.0,442.0,442.0,497.0,321.0,0.547271,0.54741,0.599582,1695.32
559.0,442.0,442.0,492.0,300.0,0.546296,0.546432,0.605006,1715.64
558.0,442.0,442.0,496.0,303.0,0.545322,0.545455,0.602355,1710.06
557.0,443.0,443.0,499.0,279.0,0.544347,0.544477,0.59579,1735.29
556.0,443.0,443.0,497.0,331.0,0.543372,0.5435,0.597928,1682.38
555.0,444.0,444.0,501.0,315.0,0.542398,0.542522,0.591874,1701.56
554.0,444.0,444.0,501.0,300.0,0.541423,0.541544,0.595078,1712.96
553.0,444.0,444.0,503.0,325.0,0.540448,0.540567,0.590866,1692.44
552.0,445.0,445.0,503.0,330.0,0.539474,0.539589,0.590502,1685.0
551.0,447.0,447.0,505.0,245.0,0.538499,0.538612,0.587019,1778.94
550.0,448.0,448.0,504.0,339.0,0.537524,0.537634,0.586047,1671.84
549.0,450.0,450.0,506.0,315.0,0.53655,0.536657,0.580584,1701.89
548.0,454.0,454.0,507.0,316.0,0.535575,0.535679,0.580608,1700.8
547.0,455.0,455.0,508.0,337.0,0.5346,0.534702,0.579207,1673.64
546.0,456.0,456.0,511.0,339.0,0.533626,0.533724,0.573707,1670.42
545.0,457.0,457.0,510.0,332.0,0.532651,0.532747,0.577155,1680.54
544.0,457.0,457.0,511.0,334.0,0.531676,0.531769,0.576769,1678.85
543.0,458.0,458.0,515.0,337.0,0.530702,0.530792,0.572172,1675.2
542.0,458.0,458.0,517.0,331.0,0.529727,0.529814,0.565151,1682.76
541.0,462.0,462.0,517.0,342.0,0.528752,0.528837,0.564712,1665.57
540.0,462.0,462.0,517.0,289.0,0.527778,0.527859,0.564213,1725.05
539.0,462.0,462.0,519.0,341.0,0.526803,0.526882,0.560167,1668.08
538.0,463.0,463.0,519.0,309.0,0.525828,0.525904,0.561187,1707.04
537.0,465.0,465.0,520.0,334.0,0.524854,0.524927,0.559653,1678.19
536.0,467.0,467.0,520.0,325.0,0.523879,0.523949,0.557212,1693.61
535.0,469.0,469.0,522.0,337.0,0.522904,0.522972,0.553868,1673.56
534.0,470.0,470.0,522.0,371.0,0.52193,0.521994,0.551522,1637.36
533.0,470.0,470.0,524.0,334.0,0.520955,0.521017,0.549456,1679.43
532.0,473.0,473.0,523.0,339.0,0.519981,0.520039,0.550318,1672.17
531.0,473.0,473.0,526.0,333.0,0.519006,0.519062,0.544734,1680.23
530.0,476.0,476.0,526.0,310.0,0.518031,0.518084,0.544065,1705.83
529.0,478.0,478.0,529.0,339.0,0.517057,0.517107,0.541185,1672.04
528.0,480.0,480.0,530.0,341.0,0.516082,0.516129,0.536753,1665.04
527.0,481.0,481.0,530.0,362.0,0.515107,0.515152,0.539174,1645.93
526.0,486.0,486.0,531.0,330.0,0.514133,0.514174,0.537331,1687.72
525.0,487.0,487.0,530.0,325.0,0.513158,0.513196,0.537314,1691.94
524.0,490.0,490.0,536.0,331.0,0.512183,0.512219,0.53133,1685.54
523.0,493.0,493.0,534.0,340.0,0.511209,0.511241,0.534038,1670.25
522.0,493.0,493.0,536.0,356.0,0.510234,0.510264,0.531063,1650.41
521.0,495.0,495.0,539.0,357.0,0.509259,0.509286,0.526598,1649.51
520.0,496.0,496.0,540.0,351.0,0.508285,0.508309,0.524109,1657.01
519.0,497.0,497.0,540.0,349.0,0.50731,0.507331,0.526685,1656.8
518.0,498.0,498.0,544.0,345.0,0.506335,0.506354,0.520447,1661.23
517.0,498.0,498.0,545.0,324.0,0.505361,0.505376,0.520507,1693.73
516.0,500.0,500.0,543.0,314.0,0.504386,0.504399,0.521334,1702.54
515.0,500.0,500.0,548.0,366.0,0.503411,0.503421,0.515165,1642.39
514.0,501.0,501.0,550.0,365.0,0.502437,0.502444,0.513648,1642.05
513.0,505.0,505.0,552.0,294.0,0.501462,0.501466,0.511196,1723.59
512.0,505.0,505.0,554.0,362.0,0.500487,0.500489,0.505163,1647.12
511.0,505.0,505.0,553.0,382.0,0.499513,0.499511,0.510874,1626.98
510.0,505.0,505.0,553.0,330.0,0.498538,0.498534,0.506425,1684.32
509.0,505.0,505.0,554.0,335.0,0.497563,0.497556,0.506339,1677.97
508.0,508.0,508.0,558.0,362.0,0.496589,0.496579,0.501324,1645.59
507.0,510.0,510.0,555.0,354.0,0.495614,0.495601,0.502848,1654.57
506.0,513.0,513.0,562.0,379.0,0.494639,0.494624,0.498776,1626.64
505.0,514.0,514.0,562.0,415.0,0.493665,0.493646,0.498666,1593.95
504.0,516.0,516.0,564.0,256.0,0.49269,0.492669,0.494027,1768.65
503.0,517.0,517.0,566.0,348.0,0.491715,0.491691,0.490887,1658.98
502.0,517.0,517.0,567.0,345.0,0.490741,0.490714,0.487343,1662.26
501.0,517.0,517.0,572.0,380.0,0.489766,0.489736,0.48586,1624.38
500.0,517.0,517.0,577.0,411.0,0.488791,0.488759,0.482878,1600.71
499.0,519.0,519.0,565.0,349.0,0.487817,0.487781,0.491193,1657.76
498.0,521.0,521.0,579.0,347.0,0.486842,0.486804,0.480504,1659.8
497.0,521.0,521.0,576.0,388.0,0.485867,0.485826,0.483526,1618.66
496.0,521.0,521.0,580.0,403.0,0.484893,0.484848,0.478327,1607.76
495.0,521.0,521.0,581.0,379.0,0.483918,0.483871,0.476104,1628.62
494.0,521.0,522.0,582.0,424.0,0.482943,0.482893,0.473385,1577.69
493.0,525.0,525.0,584.0,393.0,0.481969,0.481916,0.470077,1616.04
492.0,525.0,525.0,586.0,411.0,0.480994,0.480938,0.469902,1602.68
491.0,525.0,525.0,588.0,387.0,0.480019,0.479961,0.46461,1619.72
490.0,526.0,526.0,588.0,326.0,0.479045,0.478983,0.463542,1691.0
489.0,529.0,529.0,588.0,388.0,0.47807,0.478006,0.463903,1619.38
488.0,531.0,531.0,588.0,392.0,0.477096,0.477028,0.4629,1615.21
487.0,532.0,532.0,588.0,398.0,0.476121,0.476051,0.459531,1612.37
486.0,533.0,533.0,590.0,388.0,0.475146,0.475073,0.458778,1618.66
485.0,534.0,534.0,591.0,352.0,0.474172,0.474096,0.455791,1655.08
484.0,536.0,536.0,591.0,352.0,0.473197,0.473118,0.45809,1655.31
483.0,538.0,538.0,590.0,378.0,0.472222,0.472141,0.456984,1630.69
482.0,539.0,539.0,595.0,415.0,0.471248,0.471163,0.449327,1593.67
481.0,539.0,539.0,595.0,360.0,0.470273,0.470186,0.448724,1648.02
480.0,540.0,540.0,597.0,356.0,0.469298,0.469208,0.445412,1651.89
479.0,541.0,541.0,596.0,419.0,0.468324,0.468231,0.447965,1587.7
478.0,544.0,544.0,598.0,400.0,0.467349,0.467253,0.444799,1609.75
477.0,546.0,546.0,599.0,401.0,0.466374,0.466276,0.440639,1608.77
476.0,547.0,547.0,597.0,361.0,0.4654,0.465298,0.445671,1646.14
475.0,549.0,549.0,603.0,431.0,0.464425,0.464321,0.435678,1569.71
474.0,552.0,552.0,603.0,382.0,0.46345,0.463343,0.435573,1621.52
473.0,554.0,554.0,604.0,421.0,0.462476,0.462366,0.433937,1586.74
472.0,554.0,554.0,606.0,423.0,0.461501,0.461388,0.434206,1579.65
471.0,554.0,554.0,606.0,438.0,0.460526,0.460411,0.431439,1562.39
470.0,556.0,556.0,609.0,396.0,0.459552,0.459433,0.42879,1613.06
469.0,556.0,556.0,607.0,412.0,0.458577,0.458456,0.430252,1600.43
468.0,558.0,558.0,609.0,404.0,0.457602,0.457478,0.426994,1606.11
467.0,559.0,559.0,616.0,405.0,0.456628,0.4565,0.417027,1605.62
466.0,562.0,561.0,611.0,380.0,0.455653,0.455523,0.42296,1625.26
465.0,564.0,564.0,617.0,405.0,0.454678,0.454545,0.41465,1604.18
464.0,567.0,567.0,617.0,450.0,0.453704,0.453568,0.4159,1556.69
463.0,568.0,568.0,617.0,426.0,0.452729,0.45259,0.41592,1575.63
462.0,569.0,569.0,625.0,450.0,0.451754,0.451613,0.408083,1555.6
461.0,573.0,573.0,620.0,426.0,0.45078,0.450635,0.411446,1572.95
460.0,575.0,575.0,625.0,455.0,0.449805,0.449658,0.406162,1551.72
459.0,577.0,577.0,626.0,424.0,0.44883,0.44868,0.403458,1582.64
458.0,578.0,578.0,626.0,435.0,0.447856,0.447703,0.403182,1566.78
457.0,580.0,580.0,627.0,462.0,0.446881,0.446725,0.400824,1542.81
456.0,581.0,581.0,626.0,431.0,0.445906,0.445748,0.401333,1568.89
455.0,581.0,581.0,627.0,427.0,0.444932,0.44477,0.399336,1572.48
454.0,584.0,584.0,631.0,433.0,0.443957,0.443793,0.395151,1568.56
453.0,587.0,587.0,629.0,424.0,0.442982,0.442815,0.395887,1581.22
452.0,587.0,587.0,631.0,441.0,0.442008,0.441838,0.394752,1561.73
451.0,588.0,588.0,636.0,456.0,0.441033,0.44086,0.390477,1550.22
450.0,588.0,588.0,636.0,424.0,0.440058,0.439883,0.388209,1579.66
449.0,589.0,589.0,639.0,428.0,0.439084,0.438905,0.386306,1572.65
448.0,589.0,589.0,638.0,421.0,0.438109,0.437928,0.385409,1585.48
447.0,590.0,590.0,643.0,425.0,0.437135,0.43695,0.38155,1575.46
446.0,590.0,590.0,644.0,461.0,0.43616,0.435973,0.37666,1543.71
445.0,591.0,591.0,643.0,371.0,0.435185,0.434995,0.378596,1637.04
444.0,592.0,592.0,644.0,459.0,0.434211,0.434018,0.374637,1544.93
443.0,594.0,594.0,643.0,474.0,0.433236,0.43304,0.38113,1525.75
442.0,596.0,596.0,644.0,429.0,0.432261,0.432063,0.374594,1571.33
441.0,598.0,598.0,645.0,425.0,0.431287,0.431085,0.372414,1576.57
440.0,598.0,598.0,649.0,444.0,0.430312,0.430108,0.368106,1561.51
439.0,598.0,598.0,651.0,437.0,0.429337,0.42913,0.365225,1564.33
438.0,600.0,600.0,649.0,477.0,0.428363,0.428152,0.367752,1519.98
437.0,603.0,603.0,651.0,481.0,0.427388,0.427175,0.36603,1516.51
436.0,604.0,604.0,651.0,465.0,0.426413,0.426197,0.362964,1536.74
435.0,606.0,606.0,652.0,463.0,0.425439,0.42522,0.36226,1538.95
434.0,607.0,607.0,655.0,449.0,0.424464,0.424242,0.356154,1559.92
433.0,609.0,609.0,654.0,378.0,0.423489,0.423265,0.356896,1630.91
432.0,609.0,609.0,655.0,463.0,0.422515,0.422287,0.355887,1540.15
431.0,610.0,611.0,657.0,440.0,0.42154,0.42131,0.350087,1563.11
430.0,613.0,613.0,657.0,488.0,0.420565,0.420332,0.349846,1513.11
429.0,614.0,614.0,657.0,457.0,0.419591,0.419355,0.353112,1552.11
428.0,614.0,614.0,661.0,438.0,0.418616,0.418377,0.346274,1563.28
427.0,615.0,615.0,660.0,438.0,0.417641,0.4174,0.347148,1563.83
426.0,617.0,617.0,664.0,464.0,0.416667,0.416422,0.341031,1539.48
425.0,618.0,618.0,663.0,465.0,0.415692,0.415445,0.341147,1536.15
424.0,619.0,619.0,667.0,425.0,0.414717,0.414467,0.336091,1576.08
423,622,622,662,454,0.413743,0.41349,0.340492,1553.65
422,624,624,667,492,0.412768,0.412512,0.333913,1510.83
421,625,625,667,474,0.411793,0.411535,0.331787,1525.81
420,627,627,668,466,0.410819,0.410557,0.329606,1534.31
419,627,627,669,477,0.409844,0.40958,0.326278,1523.24
418,627,627,669,506,0.408869,0.408602,0.325244,1496.75
417,627,627,671,477,0.407895,0.407625,0.323747,1519.95
416,627,627,673,459,0.40692,0.406647,0.322631,1544.08
415,631,631,673,476,0.405945,0.40567,0.321844,1524.54
414,634,634,678,506,0.404971,0.404692,0.31727,1496.65
413,636,636,677,432,0.403996,0.403715,0.318551,1567.36
412,636,636,681,481,0.403021,0.402737,0.312926,1517.18
411,637,637,682,496,0.402047,0.40176,0.310952,1504.32
410,639,639,683,426,0.401072,0.400782,0.306653,1572.38
409,641,641,683,492,0.400097,0.399804,0.3039,1509.31
408,643,643,684,475,0.399123,0.398827,0.305296,1524.81
407,643,643,684,503,0.398148,0.397849,0.304505,1497.93
406,643,643,683,522,0.397173,0.396872,0.304158,1480.28
405,645,645,687,529,0.396199,0.395894,0.299383,1471.3
404,648,648,688,508,0.395224,0.394917,0.296706,1492.68
403,649,649,689,517,0.39425,0.393939,0.29455,1485.95
402,649,649,691,505,0.393275,0.392962,0.293197,1497.07
401,650,650,688,532,0.3923,0.391984,0.296255,1468.99
400,652,652,690,463,0.391326,0.391007,0.29377,1539.11
399,654,654,693,505,0.390351,0.390029,0.288405,1496.97
398,655,655,694,502,0.389376,0.389052,0.287107,1501.34
397,655,655,697,533,0.388402,0.388074,0.285445,1468.58
396,655,655,697,546,0.387427,0.387097,0.281097,1462.47
395,656,656,697,466,0.386452,0.386119,0.281332,1533.8
394,658,658,697,501,0.385478,0.385142,0.284202,1501.75
393,659,659,699,464,0.384503,0.384164,0.275079,1538.09
392,661,661,697,528,0.383528,0.383187,0.279909,1472.28
391,661,661,701,506,0.382554,0.382209,0.272658,1496.14
390,663,663,698,507,0.381579,0.381232,0.278405,1493.01
389,663,663,705,492,0.380604,0.380254,0.26693,1511.19
388,666,666,706,553,0.37963,0.379277,0.266636,1458.46
387,667,667,705,419,0.378655,0.378299,0.268535,1587.9
386,667,667,709,518,0.37768,0.377322,0.262313,1484.56
385,667,667,709,477,0.376706,0.376344,0.262119,1519.22
384,667,667,710,524,0.375731,0.375367,0.260953,1478.2
383,669,669,711,459,0.374756,0.374389,0.260698,1546.74
382,671,670,713,523,0.373782,0.373412,0.256606,1478.92
381,673,673,717,555,0.372807,0.372434,0.251515,1454.55
380,674,674,719,552,0.371832,0.371457,0.24836,1459.02
379,675,675,717,463,0.370858,0.370479,0.252593,1539.12
378,677,677,718,526,0.369883,0.369501,0.250847,1474.41
377,678,678,721,514,0.368908,0.368524,0.245126,1489.4
376,681,681,720,547,0.367934,0.367546,0.246752,1462.81
375,682,682,723,492,0.366959,0.366569,0.240292,1507.53
374,683,683,723,554,0.365984,0.365591,0.240743,1455.3
373,683,683,723,551,0.36501,0.364614,0.241566,1459.07
372,683,683,726,502,0.364035,0.363636,0.238005,1499.77
371,684,684,729,490,0.36306,0.362659,0.23202,1513.09
370,684,684,729,569,0.362086,0.361681,0.23039,1440.47
369,684,684,729,527,0.361111,0.360704,0.231213,1473.55
368,685,685,731,537,0.360136,0.359726,0.225862,1468.19
367,686,686,732,562,0.359162,0.358749,0.223686,1445.15
366,687,687,732,562,0.358187,0.357771,0.222722,1445.94
365,689,689,733,509,0.357212,0.356794,0.22145,1492.78
364,691,691,732,584,0.356238,0.355816,0.225623,1424.01
363,693,693,737,568,0.355263,0.354839,0.218455,1440.66
362,694,694,736,546,0.354288,0.353861,0.218523,1462.88
361,694,694,740,557,0.353314,0.352884,0.214467,1452.81
360,694,694,740,508,0.352339,0.351906,0.214728,1493.01
359,695,695,741,542,0.351365,0.350929,0.212717,1465.1
358,696,696,743,508,0.35039,0.349951,0.204419,1492.99
357,699,699,742,545,0.349415,0.348974,0.207742,1463.83
356,701,701,742,575,0.348441,0.347996,0.207381,1429.35
355,703,703,743,523,0.347466,0.347019,0.206308,1479.01
354,704,704,745,503,0.346491,0.346041,0.202797,1497.53
353,706,706,749,523,0.345517,0.345064,0.198315,1479.62
352,707,707,749,573,0.344542,0.344086,0.197602,1433.68
351,708,708,747,511,0.343567,0.343109,0.202811,1490.78
350,709,709,751,550,0.342593,0.342131,0.194027,1460.21
349,711,711,753,559,0.341618,0.341153,0.19041,1451.21
348,712,712,753,563,0.340643,0.340176,0.191618,1448.31
347,712,712,753,513,0.339669,0.339198,0.189401,1490.45
346,712,712,755,556,0.338694,0.338221,0.182569,1454.05
345,716,716,755,575,0.337719,0.337243,0.184748,1429.54
344,719,719,755,613,0.336745,0.336266,0.183811,1397.61
343,720,720,756,532,0.33577,0.335288,0.179519,1469.44
342,721,721,757,566,0.334795,0.334311,0.179108,1441.86
341,722,722,759,594,0.333821,0.333333,0.17593,1415.88
340,722,722,760,576,0.332846,0.332356,0.172151,1429.12
339,723,723,760,575,0.331871,0.331378,0.16974,1434.93
338,725,725,760,547,0.330897,0.330401,0.169657,1462.25
337,727,727,761,570,0.329922,0.329423,0.169681,1437.75
336,728,728,765,623,0.328947,0.328446,0.165283,1385.74
335,730,730,762,590,0.327973,0.327468,0.168936,1419.07
334,731,731,770,577,0.326998,0.326491,0.160792,1426.92
333,731,731,770,600,0.326023,0.325513,0.159287,1411.3
332,732,732,770,564,0.325049,0.324536,0.156304,1444.45
331,733,733,771,632,0.324074,0.323558,0.156709,1379.19
330,734,734,771,598,0.323099,0.322581,0.156396,1412.89
329,736,736,774,604,0.322125,0.321603,0.150168,1406.01
328,737,737,775,593,0.32115,0.320626,0.147937,1416.52
327,739,739,774,577,0.320175,0.319648,0.148646,1428.92
326,741,741,775,463,0.319201,0.318671,0.149444,1542.03
325,743,743,776,573,0.318226,0.317693,0.143025,1436.08
324,745,745,776,602,0.317251,0.316716,0.143736,1407.5
323,746,746,776,566,0.316277,0.315738,0.141,1441.58
322,746,746,777,616,0.315302,0.314761,0.13871,1395.57
321,746,746,781,608,0.314327,0.313783,0.132634,1402.83
320,747,747,781,574,0.313353,0.312805,0.132694,1431.66
319,749,749,781,600,0.312378,0.311828,0.134013,1411.18
318,751,751,785,554,0.311404,0.31085,0.130389,1455.24
317,752,752,784,620,0.310429,0.309873,0.130379,1393.25
316,753,753,789,612,0.309454,0.308895,0.124937,1398.43
315,754,754,789,575,0.30848,0.307918,0.125522,1435.57
314,754,754,791,623,0.307505,0.30694,0.123137,1387.11
313,754,754,794,575,0.30653,0.305963,0.121105,1431.33
312,754,754,789,591,0.305556,0.304985,0.124442,1418.94
311,755,755,797,641,0.304581,0.304008,0.118289,1371.14
310,756,756,797,622,0.303606,0.30303,0.117902,1386.96
309,758,758,799,624,0.302632,0.302053,0.116892,1385.88
308,759,759,796,622,0.301657,0.301075,0.11992,1387.24
307,760,760,801,609,0.300682,0.300098,0.108095,1402
306,762,762,801,643,0.299708,0.29912,0.107786,1363.37
305,764,765,803,625,0.298733,0.298143,0.104493,1383.17
304,766,766,802,612,0.297758,0.297165,0.106856,1398.86
303,767,767,806,654,0.296784,0.296188,0.101097,1353.35
302,767,767,807,577,0.295809,0.29521,0.0963155,1429.35
301,768,768,807,641,0.294834,0.294233,0.0977794,1372.4
300,768,768,813,600,0.29386,0.293255,0.0910371,1410.11
299,770,770,808,632,0.292885,0.292278,0.0965277,1378.76
298,772,772,813,652,0.29191,0.2913,0.0916248,1357.7
297,772,772,812,626,0.290936,0.290323,0.0925622,1380.66
296,773,773,813,604,0.289961,0.289345,0.0920481,1405.66
295,773,773,816,661,0.288986,0.288368,0.0826045,1340.89
294,774,774,816,637,0.288012,0.28739,0.0839939,1376.2
293,775,775,816,676,0.287037,0.286413,0.0851243,1327.29
292,776,776,817,661,0.286062,0.285435,0.0768187,1340.46
291,777,777,817,663,0.285088,0.284457,0.0775038,1338.67
290,778,778,818,657,0.284113,0.28348,0.0720467,1348.79
289,779,779,819,642,0.283138,0.282502,0.0693731,1369.61
288,781,781,818,641,0.282164,0.281525,0.0733835,1372.47
287,782,782,819,654,0.281189,0.280547,0.0681453,1352.72
286,784,784,820,680,0.280214,0.27957,0.0671162,1321.81
285,786,786,820,686,0.27924,0.278592,0.0676111,1315.44
284,786,787,822,600,0.278265,0.277615,0.0642285,1410.17
283,788,789,823,639,0.27729,0.276637,0.0603872,1374.91
282,792,792,819,661,0.276316,0.27566,0.0690712,1341.4
281,794,794,824,626,0.275341,0.274682,0.0569301,1381.52
280,796,796,824,643,0.274366,0.273705,0.0589902,1366.25
279,799,799,825,603,0.273392,0.272727,0.0573553,1408.73
278,799,799,827,621,0.272417,0.27175,0.052247,1391.76
277,801,801,826,600,0.271442,0.270772,0.0519966,1411.14
276,801,801,828,599,0.270468,0.269795,0.0503426,1412.49
275,801,801,829,663,0.269493,0.268817,0.0483178,1339.52
274,802,803,832,663,0.268519,0.26784,0.0432487,1338.15
273,804,804,833,701,0.267544,0.266862,0.0439147,1301.39
272,806,806,833,652,0.266569,0.265885,0.0414695,1357.06
271,807,807,835,674,0.265595,0.264907,0.0362474,1329.67
270,809,809,837,643,0.26462,0.26393,0.0325705,1366.68
269,810,810,837,669,0.263645,0.262952,0.032603,1334.9
268,811,811,838,680,0.262671,0.261975,0.030668,1322.97
267,813,813,838,656,0.261696,0.260997,0.0318768,1350.16
266,816,816,840,676,0.260721,0.26002,0.0295252,1326.93
265,816,816,838,679,0.259747,0.259042,0.0307359,1324.51
264,816,816,840,672,0.258772,0.258065,0.0273323,1331.52
263,817,817,842,673,0.257797,0.257087,0.023899,1330.62
262,817,817,843,720,0.256823,0.256109,0.0183005,1267.85
261,817,817,843,661,0.255848,0.255132,0.0181371,1344.36
260,817,817,845,699,0.254873,0.254154,0.0147306,1300.07
259,818,818,845,696,0.253899,0.253177,0.015088,1304.65
258,819,819,843,672,0.252924,0.252199,0.0173478,1332.07
257,821,821,850,730,0.251949,0.251222,0.0101841,1256.04
256,822,822,852,701,0.250975,0.250244,0.00801793,1298.09
255,822,822,852,678,0.25,0.249267,0.0041222,1325.71
254,823,823,853,685,0.249025,0.248289,0.000494014,1317.25
253,825,825,853,701,0.248051,0.247312,0.000925918,1299.63
252,825,825,853,709,0.247076,0.246334,0.00415755,1286.52
251,827,827,854,661,0.246101,0.245357,0.000703277,1341.04
250,827,827,854,679,0.245127,0.244379,0.00096414,1323.68
249,828,828,855,720,0.244152,0.243402,-0.0025274,1267.18
248,829,829,856,679,0.243177,0.242424,-0.00879001,1324.03
247,830,830,856,684,0.242203,0.241447,-0.00581828,1318.15
246,830,830,858,660,0.241228,0.240469,-0.00967197,1345.31
245,831,831,857,689,0.240253,0.239492,-0.0102931,1312.46
244,832,832,859,734,0.239279,0.238514,-0.0128329,1248.83
243,833,833,862,626,0.238304,0.237537,-0.0177358,1382.91
242,835,835,863,704,0.237329,0.236559,-0.017473,1292.8
241,837,837,863,705,0.236355,0.235582,-0.0182441,1293.66
240,838,838,867,713,0.23538,0.234604,-0.0217739,1279.37
239,839,839,867,689,0.234405,0.233627,-0.0228814,1311.07
238,841,841,867,736,0.233431,0.232649,-0.0211193,1244.28
237,843,843,867,687,0.232456,0.231672,-0.0234356,1313.18
236,843,843,870,696,0.231481,0.230694,-0.032432,1303.22
235,845,845,870,720,0.230507,0.229717,-0.0329164,1267.98
234,846,846,873,696,0.229532,0.228739,-0.0368657,1307.58
233,848,848,872,696,0.228558,0.227761,-0.0343583,1303.9
232,849,849,875,739,0.227583,0.226784,-0.0391083,1241.4
231,849,849,873,714,0.226608,0.225806,-0.0349078,1276.52
230,850,850,877,720,0.225634,0.224829,-0.0406821,1267.44
229,851,851,874,729,0.224659,0.223851,-0.0355126,1258.33
228,851,851,880,673,0.223684,0.222874,-0.0434178,1332.85
227,852,852,881,683,0.22271,0.221896,-0.0462797,1320.33
226,854,854,881,700,0.221735,0.220919,-0.0462462,1298.08
225,855,855,881,713,0.22076,0.219941,-0.0517931,1278.48
224,856,856,882,734,0.219786,0.218964,-0.0579879,1248.39
223,856,856,881,750,0.218811,0.217986,-0.0475027,1228.62
222,856,856,883,760,0.217836,0.217009,-0.0609204,1217.07
221,856,856,883,735,0.216862,0.216031,-0.0625487,1245.89
220,857,857,884,717,0.215887,0.215054,-0.0625573,1271.88
219,857,857,885,774,0.214912,0.214076,-0.065293,1203.94
218,858,858,885,735,0.213938,0.213099,-0.0652165,1246.09
217,861,861,886,733,0.212963,0.212121,-0.0661893,1250.78
216,863,863,886,750,0.211988,0.211144,-0.067506,1229.55
215,864,864,888,743,0.211014,0.210166,-0.069397,1235.35
214,865,867,890,734,0.210039,0.209189,-0.0731972,1249.14
213,869,869,891,759,0.209064,0.208211,-0.0746133,1214.93
212,870,870,891,740,0.20809,0.207234,-0.074019,1240.65
211,870,870,894,734,0.207115,0.206256,-0.0773261,1248.02
210,872,872,895,749,0.20614,0.205279,-0.0810422,1229.44
209,873,873,897,716,0.205166,0.204301,-0.0840053,1273.84
208,873,873,895,747,0.204191,0.203324,-0.0807718,1230.33
207,875,875,899,760,0.203216,0.202346,-0.0870105,1217.99
206,875,875,900,760,0.202242,0.201369,-0.0936687,1217.47
205,877,877,900,725,0.201267,0.200391,-0.0971125,1262.03
204,878,878,900,738,0.200292,0.199413,-0.0924647,1241.76
203,879,879,900,735,0.199318,0.198436,-0.0948975,1245.6
202,880,880,901,769,0.198343,0.197458,-0.0987369,1208.39
201,881,881,902,744,0.197368,0.196481,-0.0998013,1230.95
200,882,882,902,780,0.196394,0.195503,-0.100426,1195.7
199,882,882,905,742,0.195419,0.194526,-0.104348,1237.12
198,883,883,906,743,0.194444,0.193548,-0.110042,1238.17
197,883,883,906,731,0.19347,0.192571,-0.110207,1254.15
196,883,883,906,714,0.192495,0.191593,-0.108696,1277.66
195,884,884,906,780,0.19152,0.190616,-0.110571,1194.84
194,885,885,905,779,0.190546,0.189638,-0.104802,1198.38
193,887,887,906,779,0.189571,0.188661,-0.111406,1199.47
192,887,887,910,783,0.188596,0.187683,-0.11846,1189.15
191,887,887,910,777,0.187622,0.186706,-0.118623,1200.8
190,891,891,907,742,0.186647,0.185728,-0.115629,1237.16
189,894,894,913,771,0.185673,0.184751,-0.122543,1207.85
188,895,895,909,761,0.184698,0.183773,-0.115745,1216.59
187,895,895,915,783,0.183723,0.182796,-0.128369,1187.97
186,896,896,916,781,0.182749,0.181818,-0.128538,1193.12
185,897,897,916,779,0.181774,0.180841,-0.132359,1198.04
184,898,898,916,796,0.180799,0.179863,-0.128254,1174.17
183,899,899,916,761,0.179825,0.178886,-0.13158,1218.49
182,900,900,917,790,0.17885,0.177908,-0.132196,1183.43
181,900,900,920,765,0.177875,0.176931,-0.145474,1212.97
180,901,901,920,804,0.176901,0.175953,-0.145778,1165.92
179,903,903,920,767,0.175926,0.174976,-0.14311,1211.2
178,905,905,920,767,0.174951,0.173998,-0.143264,1209.12
177,906,906,921,805,0.173977,0.173021,-0.145889,1165.24
176,906,906,922,807,0.173002,0.172043,-0.149736,1162.48
175,906,906,922,803,0.172027,0.171065,-0.14887,1168.02
174,906,906,923,773,0.171053,0.170088,-0.151314,1206.93
173,906,906,925,791,0.170078,0.16911,-0.153445,1179.67
172,908,908,927,797,0.169103,0.168133,-0.156799,1174.73
171,908,908,928,791,0.168129,0.167155,-0.156709,1181.77
170,908,908,928,821,0.167154,0.166178,-0.158539,1149.1
169,911,911,930,802,0.166179,0.1652,-0.16629,1169.15
168,912,912,930,766,0.165205,0.164223,-0.166227,1209.66
167,913,913,930,755,0.16423,0.163245,-0.164532,1222.62
166,913,913,932,783,0.163255,0.162268,-0.172302,1188.09
165,914,914,930,813,0.162281,0.16129,-0.16792,1158.21
164,915,915,934,827,0.161306,0.160313,-0.172504,1143.38
163,915,915,934,813,0.160331,0.159335,-0.178049,1157.53
162,916,916,934,833,0.159357,0.158358,-0.180419,1135.13
161,917,917,934,814,0.158382,0.15738,-0.178441,1156.74
160,918,918,934,834,0.157407,0.156403,-0.178455,1134.68
159,919,919,934,814,0.156433,0.155425,-0.178741,1157.5
158,920,920,935,797,0.155458,0.154448,-0.184202,1175.03
157,921,921,935,828,0.154483,0.15347,-0.18466,1141.87
156,922,922,936,841,0.153509,0.152493,-0.189623,1117.35
155,924,924,936,826,0.152534,0.151515,-0.187868,1143.9
154,924,924,938,835,0.151559,0.150538,-0.192772,1127.67
153,925,925,938,836,0.150585,0.14956,-0.191245,1126.92
152,926,926,936,851,0.14961,0.148583,-0.189868,1099.34
151,927,926,939,826,0.148635,0.147605,-0.200504,1144.79
150,928,928,939,828,0.147661,0.146628,-0.199335,1140.83
149,929,929,940,790,0.146686,0.14565,-0.21788,1180.07
148,929,929,940,783,0.145712,0.144673,-0.21155,1188.84
147,930,930,940,856,0.144737,0.143695,-0.210128,1093.55
146,931,931,940,847,0.143762,0.142717,-0.210374,1104.85
145,932,932,940,840,0.142788,0.14174,-0.215134,1121.3
144,932,932,940,856,0.141813,0.140762,-0.21477,1093.42
143,933,933,940,864,0.140838,0.139785,-0.215754,1081.92
142,934,934,940,835,0.139864,0.138807,-0.21632,1127.03
141,935,935,940,855,0.138889,0.13783,-0.217769,1095.33
140,935,935,940,857,0.137914,0.136852,-0.218004,1092.29
139,935,935,943,834,0.13694,0.135875,-0.219213,1133.07
138,936,936,944,865,0.135965,0.134897,-0.22085,1077.38
137,936,936,945,833,0.13499,0.13392,-0.222755,1134.76
136,937,936,946,835,0.134016,0.132942,-0.224301,1128.92
135,938,938,948,848,0.133041,0.131965,-0.22759,1100.24
134,939,939,949,842,0.132066,0.130987,-0.227368,1116.4
133,939,939,951,878,0.131092,0.13001,-0.235064,1062.09
132,940,940,952,857,0.130117,0.129032,-0.235366,1090.65
131,940,940,953,885,0.129142,0.128055,-0.239509,1047.01
130,940,940,952,874,0.128168,0.127077,-0.235499,1068.88
129,940,940,953,856,0.127193,0.1261,-0.237599,1093.71
128,940,940,953,862,0.126218,0.125122,-0.240441,1083.62
127,940,940,957,880,0.125244,0.124145,-0.249882,1059
126,940,940,957,863,0.124269,0.123167,-0.248608,1082.59
125,940,940,957,862,0.123294,0.12219,-0.248173,1084.66
124,941,941,957,855,0.12232,0.121212,-0.245014,1095.73
123,942,942,957,879,0.121345,0.120235,-0.249606,1059.41
122,943,943,960,895,0.12037,0.119257,-0.252552,1027.31
121,945,945,961,858,0.119396,0.11828,-0.256507,1088.33
120,947,947,963,857,0.118421,0.117302,-0.263,1091.01
119,949,949,963,904,0.117446,0.116325,-0.261295,1016.53
118,951,951,963,903,0.116472,0.115347,-0.262958,1016.85
117,951,951,963,877,0.115497,0.11437,-0.260591,1065.41
116,951,951,965,880,0.114522,0.113392,-0.265407,1058.57
115,951,951,965,888,0.113548,0.112414,-0.268123,1043.13
114,953,953,965,893,0.112573,0.111437,-0.269413,1039.88
113,955,955,965,908,0.111598,0.110459,-0.26954,990.693
112,956,956,966,895,0.110624,0.109482,-0.272469,1034.38
111,957,957,971,906,0.109649,0.108504,-0.276553,997.227
110,957,957,966,879,0.108674,0.107527,-0.271272,1058.78
109,957,957,971,905,0.1077,0.106549,-0.277699,998.823
108,958,958,972,908,0.106725,0.105572,-0.28823,990.774
107,961,961,972,897,0.10575,0.104594,-0.292598,1026.18
106,962,962,972,905,0.104776,0.103617,-0.291348,1011.12
105,962,962,972,905,0.103801,0.102639,-0.291228,1014.93
104,963,963,972,864,0.102827,0.101662,-0.292925,1079.33
103,965,965,972,905,0.101852,0.100684,-0.293665,1001.87
102,966,966,972,906,0.100877,0.0997067,-0.290121,997.537
101,966,966,972,913,0.0999025,0.0987292,-0.294925,977.148
100,967,967,974,905,0.0989279,0.0977517,-0.298408,1017.58
99,968,968,973,910,0.0979532,0.0967742,-0.295751,990.011
98,969,969,975,905,0.0969786,0.0957967,-0.30272,1005.82
97,969,969,976,884,0.0960039,0.0948192,-0.305444,1052.6
96,971,971,977,905,0.0950292,0.0938416,-0.306488,998.968
95,972,972,977,905,0.0940546,0.0928641,-0.311232,999.477
94,972,972,977,913,0.0930799,0.0918866,-0.314628,976.483
93,972,972,977,912,0.0921053,0.0909091,-0.31188,982.11
92,973,973,977,914,0.0911306,0.0899316,-0.311658,974.493
91,973,973,978,905,0.0901559,0.0889541,-0.312745,1003.82
90,973,973,979,907,0.0891813,0.0879765,-0.322864,994.517
89,973,973,979,910,0.0882066,0.086999,-0.32341,988.788
88,973,973,979,905,0.087232,0.0860215,-0.323026,1006.83
87,973,973,979,915,0.0862573,0.085044,-0.322768,959.165
86,973,973,980,919,0.0852827,0.0840665,-0.32587,945.339
85,975,975,983,915,0.084308,0.083089,-0.32747,952.442
84,976,976,980,935,0.0833333,0.0821114,-0.325484,916.37
83,976,976,988,926,0.0823587,0.0811339,-0.333207,930.658
82,977,977,988,915,0.081384,0.0801564,-0.333916,951.516
81,977,977,988,916,0.0804094,0.0791789,-0.332706,949.293
80,977,977,989,914,0.0794347,0.0782014,-0.340802,974.303
79,977,977,989,915,0.07846,0.0772239,-0.338451,963.983
78,977,977,989,925,0.0774854,0.0762463,-0.340351,933.767
77,979,979,991,925,0.0765107,0.0752688,-0.342655,934.295
76,980,980,993,933,0.0755361,0.0742913,-0.344067,918.854
75,983,983,994,938,0.0745614,0.0733138,-0.346902,912.593
74,984,984,996,941,0.0735867,0.0723363,-0.349481,904.423
73,985,985,996,944,0.0726121,0.0713587,-0.348758,893.516
72,986,986,998,944,0.0716374,0.0703812,-0.353798,894.369
71,988,988,997,941,0.0706628,0.0694037,-0.35153,902.626
70,989,990,999,948,0.0696881,0.0684262,-0.356488,872.156
69,992,992,999,921,0.0687135,0.0674487,-0.358349,941.451
68,993,993,1000,946,0.0677388,0.0664712,-0.361067,887.9
67,993,993,1000,915,0.0667641,0.0654936,-0.360866,951.008
66,994,994,1001,947,0.0657895,0.0645161,-0.365944,879.963
65,995,995,1002,944,0.0648148,0.0635386,-0.36773,890.328
64,996,996,1002,955,0.0638402,0.0625611,-0.367317,861.018
63,997,997,1004,949,0.0628655,0.0615836,-0.370136,871.491
62,998,998,1005,963,0.0618908,0.0606061,-0.371656,840.475
61,999,999,1006,959,0.0609162,0.0596285,-0.374362,851.601
60,1000,1000,1008,948,0.0599415,0.058651,-0.381161,872.391
59,1001,1001,1008,948,0.0589669,0.0576735,-0.380934,875.034
58,1001,1001,1008,940,0.0579922,0.056696,-0.381607,907.318
57,1001,1001,1009,964,0.0570175,0.0557185,-0.384099,829.405
56,1002,1002,1010,961,0.0560429,0.054741,-0.384902,845.301
55,1003,1003,1011,974,0.0550682,0.0537634,-0.387148,806.151
54,1004,1004,1012,949,0.0540936,0.0527859,-0.390606,873.32
53,1005,1005,1012,963,0.0531189,0.0518084,-0.392147,836.221
52,1006,1006,1013,974,0.0521442,0.0508309,-0.39761,803.602
51,1007,1007,1013,974,0.0511696,0.0498534,-0.400628,806.711
50,1007,1007,1013,980,0.0501949,0.0488759,-0.406264,773.042
49,1009,1009,1013,974,0.0492203,0.0478983,-0.405235,802.024
48,1010,1010,1013,965,0.0482456,0.0469208,-0.407261,827.72
47,1011,1011,1013,967,0.047271,0.0459433,-0.409023,824.063
46,1012,1012,1013,980,0.0462963,0.0449658,-0.408328,770.984
45,1012,1012,1013,974,0.0453216,0.0439883,-0.407627,802.099
44,1012,1012,1013,979,0.044347,0.0430108,-0.408516,787.019
43,1012,1012,1014,963,0.0433723,0.0420332,-0.413194,837.516
42,1013,1013,1014,983,0.0423977,0.0410557,-0.410195,755.293
41,1013,1013,1014,985,0.041423,0.0400782,-0.414923,741.446
40,1013,1013,1015,983,0.0404483,0.0391007,-0.419381,756.241
39,1013,1013,1015,991,0.0394737,0.0381232,-0.423978,729.796
38,1013,1013,1015,999,0.038499,0.0371457,-0.426428,682.413
37,1013,1013,1015,992,0.0375244,0.0361681,-0.426054,722.701
36,1014,1014,1015,998,0.0365497,0.0351906,-0.425236,701.901
35,1014,1014,1015,995,0.035575,0.0342131,-0.428776,705.459
34,1014,1014,1015,992,0.0346004,0.0332356,-0.429691,720.416
33,1015,1015,1016,993,0.0336257,0.0322581,-0.437636,715.821
32,1015,1015,1016,999,0.0326511,0.0312805,-0.436502,692.64
31,1015,1015,1016,999,0.0316764,0.030303,-0.439157,682.556
30,1016,1016,1016,991,0.0307018,0.0293255,-0.440159,725.287
29,1016,1016,1016,1001,0.0297271,0.028348,-0.43901,680.33
28,1016,1016,1016,1001,0.0287524,0.0273705,-0.442405,678.566
27,1016,1016,1018,1005,0.0277778,0.026393,-0.442984,657.076
26,1016,1016,1019,1005,0.0268031,0.0254154,-0.448731,649.757
25,1016,1016,1018,1003,0.0258285,0.0244379,-0.446098,669.338
24,1018,1018,1019,1003,0.0248538,0.0234604,-0.452019,667.784
23,1019,1019,1019,1007,0.0238791,0.0224829,-0.456352,616.669
22,1019,1019,1019,1012,0.0229045,0.0215054,-0.457102,588.602
21,1019,1019,1019,1012,0.0219298,0.0205279,-0.459484,581.862
20,1019,1019,1019,1012,0.0209552,0.0195503,-0.459111,577.439
19,1019,1019,1019,1014,0.0199805,0.0185728,-0.462885,573.559
18,1019,1019,1020,1016,0.0190058,0.0175953,-0.463183,515.967
17,1019,1019,1020,1016,0.0180312,0.0166178,-0.462532,528.182
16,1019,1019,1021,1016,0.0170565,0.0156403,-0.468481,517.555
15,1020,1020,1021,1016,0.0160819,0.0146628,-0.468987,538.958
14,1020,1020,1021,1016,0.0151072,0.0136852,-0.473094,521.364
13,1021,1021,1021,1016,0.0141326,0.0127077,-0.473317,531.334
12,1021,1021,1021,1018,0.0131579,0.0117302,-0.475874,506.95
11,1021,1021,1022,1018,0.0121832,0.0107527,-0.477527,500.599
10,1021,1021,1022,1019,0.0112086,0.00977517,-0.479602,446.905
9,1022,1022,1022,1019,0.0102339,0.00879765,-0.482251,481.142
8,1022,1022,1022,1020,0.00925926,0.00782014,-0.481967,420.843
7,1022,1022,1023,1020,0.0082846,0.00684262,-0.485028,434.498
6,1023,1023,1023,1021,0.00730994,0.0058651,-0.487476,392.175
5,1023,1023,1023,1021,0.00633528,0.00488759,-0.491103,385.452
4,1023,1023,1023,1021,0.00536062,0.00391007,-0.491267,380.395
3,1023,1023,1023,1022,0.00438596,0.00293255,-0.493871,330.234
2,1023,1023,1023,1022,0.00341131,0.00195503,-0.496454,309.954
1,1023,1023,1023,1023,0.00243665,0.000977517,-0.498382,295.479
0,1023,1023,1023,1023,0.00146199,0,-0.499511,265.552
